914
8835
528
6644
8964
5057
2790
8225
5206
8317
6127
9835
7332
9322
1191
781
5911
5416
773
1228
3867
5063
1904
6429
2
2418
3263
323
8033
8262
1111
9639
2472
4601
2314
2308
3622
5217
306
5261
5718
8612
7253
4525
5452
8713
171
7222
1513
9415
143
6108
6532
8761
2082
1708
8107
1155
4100
3371
6664
4672
6471
5015
7623
1058
6621
7838
4925
2451
6194
3939
3936
6514
715
4851
719
2388
9718
2382
6032
6380
2540
5796
820
3819
3460
4295
2214
6853
3459
6657
6080
1197
7768
6800
771
3871
7872
4832
68
1140
5905
7939
2430
2039
1891
7791
4349
3169
6094
1417
3850
4748
969
3829
2352
9367
1427
5786
7696
6171
5932
9352
690
1807
6606
6510
5459
7464
5417
2806
2060
3826
1435
668
7926
4016
7627
3385
1709
1400
4309
3937
656
3619
911
394
4543
8089
1332
3893
9479
74
221
1901
155
493
5282
4884
5639
5602
3479
420
4510
5829
1609
8216
2532
7642
7271
8552
565
950
9508
8023
6855
4008
196
481
6878
9060
3824
6382
6786
4511
4916
9106
9448
7587
1325
1778
9646
8722
1627
5395
4902
2849
7901
247
8094
7459
9869
8079
9721
5698
2669
1130
1448
9575
6648
380
2661
273
9071
3258
6192
1331
5749
988
165
6706
6539
4467
2495
9752
6138
3707
6827
6535
2227
9427
3600
5428
1346
6896
6647
4484
2137
7023
1795
3721
1044
2854
8758
7208
7265
6633
6745
827
8191
1499
7948
9536
983
2988
6574
8928
9761
6009
4518
8681
2151
3878
9652
9023
9465
193
8693
215
4256
8657
9234
1923
6619
3674
1701
9687
9416
6067
8350
6297
1434
723
8608
6778
3581
2599
3111
6010
7199
5933
6764
4956
8118
7695
2602
8948
7299
7127
5846
1883
7767
1136
8573
5317
5192
2410
9317
7388
5149
7584
8496
1697
948
9087
3440
6050
1041
9177
7723
701
83
109
3134
4212
6341
135
2774
213
6298
222
490
5771
3305
4358
7643
9900
1751
8159
3523
1511
5868
6354
2884
6747
9610
5357
1068
7057
3309
893
5565
4609
3178
3257
3603
3669
161
2560
7818
1681
6156
8905
4596
2064
9621
5612
9762
3264
9858
4868
4134
5735
2298
2803
6920
2987
4862
3433
6092
6500
8933
2634
1731
387
3908
5713
5185
2261
2019
532
6669
7532
3182
8214
7056
5611
2397
9011
7585
8096
7349
3239
1596
4047
1844
4702
518
241
9699
967
5082
1285
9362
7230
398
7703
2319
3834
739
5732
708
2111
8889
4530
2142
3988
9921
9740
5613
41
6174
8416
9290
8309
7531
5171
7963
2455
3122
3059
7743
1882
7395
1131
5731
4978
3001
5301
9449
2595
336
5527
5066
6104
8798
2745
7052
5257
8854
5303
1261
7711
4279
9920
2992
4002
6434
9328
9504
9907
7782
9216
8581
810
2644
3222
7931
1495
1905
7800
4759
6718
7814
4423
4013
6220
2856
7944
9354
7280
6566
2048
8154
2957
313
1631
9481
4647
4062
7325
10
7300
9208
1529
4781
7810
3444
1764
7466
3849
8546
9342
8458
286
5849
8439
4534
214
1827
7753
4590
7704
8340
3783
4707
8843
800
7898
9148
294
3569
1343
8947
8922
4262
384
5978
4556
9901
545
5456
4266
8931
2244
2088
7134
1692
131
7666
1880
2926
1651
7022
7074
9857
5938
1455
4733
6379
3159
465
6244
1581
6223
3960
8059
4359
8535
1275
7014
4713
1575
4133
3185
8343
5952
5053
7164
244
2751
1775
8677
5052
8973
7912
2580
7302
9941
2753
9824
608
6177
7244
8524
3491
7377
7211
8003
9143
6684
4041
3082
7852
164
755
4651
7093
9067
117
5075
4357
8334
6815
4965
8667
5528
8234
1112
4768
6164
9936
3856
7925
6963
5277
9125
5502
9756
5792
2839
2273
9905
2295
4836
2404
5010
8639
1624
8105
8128
1473
9812
6211
4826
5834
3442
1412
5985
7982
1170
6683
2233
5308
1492
3064
3918
1272
2201
4937
2361
7160
2953
9750
3198
8263
8157
1526
9897
5954
6319
9864
7739
2242
9086
3756
1011
5684
6046
7312
2933
2995
1175
4625
4736
6821
6928
9088
2585
8065
6605
7054
305
1494
1263
965
4800
6462
4745
3386
6255
2141
4074
1149
6982
5415
9634
489
1428
7506
3384
308
1723
7202
3344
7166
4297
1566
9733
6680
4079
1271
1415
1940
6572
7287
3802
9746
1788
7125
4696
5494
9714
9695
6533
4825
9035
6894
8291
3996
8575
4089
5722
5264
7120
3274
3516
3577
1773
6122
4524
505
9923
4159
2682
9982
5748
1558
1056
8707
8609
3653
9281
2322
3909
8764
9910
8534
14
322
1
8991
9998
836
6295
4428
9314
7141
2908
994
2041
9730
8516
6773
765
8787
832
7981
5999
990
8069
9005
1205
9360
6499
7829
9876
8650
2731
2114
4504
8846
4165
735
6399
2752
9211
1603
6327
3112
5338
5712
1466
8111
9375
2125
4968
1866
9564
6140
1040
2281
3711
8571
1667
6692
3363
4292
1585
2378
7391
3346
7070
3366
6250
4750
1126
8232
4103
3749
692
2910
1785
9389
6082
916
5436
9001
8269
6167
4697
3420
9832
9845
8347
5426
754
8765
5013
839
5444
4796
7410
2050
67
2347
1889
2981
2840
9021
2014
4244
4391
9661
3649
6789
6449
7053
8927
9355
4438
2237
794
112
2191
8888
1132
3616
3322
6546
3890
7121
7317
8072
9263
3723
4448
1088
2324
9537
9739
8344
4854
5414
9853
6816
4976
3869
7291
7990
3272
6931
2618
1703
4479
2356
1886
8823
3864
7786
7465
8360
2008
8375
6974
447
6584
418
6257
5334
172
2646
5668
6751
6450
6857
9707
1379
3902
582
497
7196
9859
898
5268
3376
4077
6310
8420
5231
2259
5201
6469
3836
1154
9660
4717
2229
5495
6198
6587
300
6808
918
1233
5521
7589
8536
5200
5833
2462
5934
7521
6946
6559
1313
9294
3868
5912
52
2252
1169
949
4055
5753
1725
6442
1791
3534
2997
1396
3513
5430
7457
6562
8540
2756
4414
5349
3922
7672
6290
439
8777
5884
4450
6085
2412
8080
4116
5247
4804
8112
3623
7468
5877
2105
2748
5124
672
952
7301
5659
9417
5394
1357
4831
8267
7684
9596
1729
9737
2771
1647
3568
2283
5721
8294
2833
315
3769
5818
424
8633
1010
9793
5696
6707
7837
8415
9097
4345
1181
284
5159
7793
4512
8840
3844
4188
924
6369
7025
9569
7117
5014
1754
6218
2479
9421
5726
4087
7612
7785
8395
838
6674
2809
6709
9648
6169
9931
7035
8574
4914
2547
2683
2536
8162
3977
1869
9409
87
5725
5441
9112
9820
9882
732
5608
5203
9757
9484
5126
5048
2047
8715
2133
9173
2795
2096
8357
4807
9607
8682
4213
4148
9810
8359
2703
3107
3013
5471
237
417
6978
6705
6017
2301
2433
7750
3584
1501
957
1814
3726
251
6774
7474
4401
617
8351
9867
5370
8531
6852
930
4301
6950
5039
3085
3158
2799
5596
1722
6043
2398
5278
8615
4064
7869
1074
9978
9414
9336
4792
7993
7876
2174
8130
7030
9151
6688
6105
6486
3670
5682
7772
3298
4306
5289
686
8512
3843
9519
2302
7708
7002
9663
255
7376
6124
9443
7725
5437
9940
3663
5352
515
3038
8949
28
5544
636
8563
4265
3019
9189
2724
2257
5017
9159
2697
1906
5700
4177
8391
7497
7313
2925
661
4788
3078
6436
1188
7500
374
1655
741
3256
904
8058
2946
6836
7329
8793
3163
492
1668
7973
185
724
6060
4526
5677
9959
5906
9019
6335
6452
4
3993
6872
9286
4128
5815
769
2993
9489
5640
2155
944
3820
568
4594
8229
6047
7062
9613
8974
888
2061
6663
1464
9261
7087
6839
6059
5392
8139
782
4775
6637
4472
3992
8082
4654
111
6708
5454
770
7086
6965
8106
5976
4954
1080
5007
4928
3605
9358
6325
9141
4529
6654
8946
5536
3687
9682
1043
7085
1969
5287
9196
8495
1187
981
9029
2670
2628
7776
2537
3149
8794
62
8632
2183
9332
5130
6132
687
4466
9069
927
3552
3795
7596
9020
2695
8709
4658
4566
9393
4582
1569
3423
2629
3353
9635
9526
3284
144
9044
3547
6278
6320
8640
6113
9582
9974
4629
2954
6497
1478
4322
516
717
4478
8866
2773
1718
3162
6612
4006
3652
2976
2500
4275
6970
3625
9423
5019
6917
7964
4817
2310
5501
7149
3202
6115
7382
3863
4824
3986
960
1628
5188
3915
8370
9153
5042
848
8363
2491
7195
2163
9136
9847
1079
7618
1965
1545
2407
2764
4468
9102
4070
3664
9406
1671
4216
4137
4464
4473
4081
7037
8591
8004
5766
4184
8579
9873
1408
2180
1997
9833
5045
4392
498
7718
6577
670
5043
2075
1865
2280
6893
303
7308
4934
8345
7268
7122
2885
8752
5074
1211
9049
8281
7604
7644
7375
5540
7897
5927
1135
8754
2860
4527
8486
8253
5989
6111
9218
8856
1557
1926
8098
1444
2108
7699
2010
118
6483
4727
9081
6245
1238
9154
4030
9357
4241
1057
9392
7655
6752
9252
5836
8027
1118
2204
6801
5819
6973
8390
2977
3785
4395
851
5358
4252
9124
6000
6563
5285
5266
6475
1089
8189
25
8748
1107
728
1108
129
9517
3406
4284
4182
6958
7267
4299
6885
2336
8287
4415
6271
8372
5631
8259
9973
1183
4201
5273
9366
3012
6798
5579
5630
4981
34
7635
4758
7722
3447
5237
435
9279
1423
8532
8852
9462
3315
4533
6691
4986
9924
3148
1048
3097
6910
3673
7438
641
4578
9403
8311
1761
8724
5215
730
1972
4031
6201
2003
4053
7472
2109
1863
1002
9209
6031
7150
9369
2303
7733
8125
3614
5245
3627
1646
2215
9541
1203
125
4239
9300
6002
6292
5859
2822
8910
5473
5754
1685
6760
1034
4941
1330
7038
3265
8791
3413
6110
7588
6940
2515
6187
6407
4633
6334
6518
5937
3521
5202
1293
1943
8327
5831
6889
4404
1856
8541
4446
6338
2276
1266
7904
278
9563
9700
7905
5323
2300
3108
8621
7511
6481
485
9014
3592
5148
7105
5782
5009
7961
6489
9495
6482
6758
3787
7899
2011
556
4712
6004
6826
5637
7060
9052
2196
3542
1190
5654
3688
3337
7721
7507
889
9129
6732
5670
3310
1310
2478
9606
3968
103
1094
1128
6934
8156
7551
7418
1848
1051
3143
5311
6454
2181
3348
5743
7207
205
9870
713
9782
7145
6313
541
404
6093
7188
2371
7845
6679
875
9516
3478
4974
6607
3174
5671
1052
816
5286
6117
6195
791
1462
2045
1816
9899
3489
9600
6179
9480
8014
94
2441
749
5903
1298
2665
6446
5740
6522
2400
2348
4853
6057
9647
6527
9123
3831
3497
8009
1509
4901
4010
8972
7251
7398
5141
2440
1872
742
2828
6558
9080
759
2132
5988
2994
5975
496
1714
6957
2886
1832
8303
2761
7547
1534
1639
4715
4251
7191
6717
6360
7255
5969
8807
8750
6440
479
4585
5032
3648
1174
146
8290
8202
5071
7406
3354
3892
2340
7538
8739
6493
1262
6812
8467
2063
6868
7811
814
5256
5532
3154
6835
1258
7217
2838
9243
7997
3612
478
2791
583
8760
4109
1341
9976
935
3520
7226
9531
5844
5399
4602
6431
6066
5756
3246
6999
3026
9956
2122
597
8772
4737
8113
3672
7556
6266
8057
3379
27
9068
8597
7078
547
7741
328
461
4253
5242
9789
1500
8726
8537
897
3762
9879
1979
4673
9798
5939
7314
3217
7390
6772
7578
2468
9643
3989
1378
6629
1001
6136
2623
5679
632
707
9724
1362
3279
4451
9783
7941
9016
7937
9633
7879
7976
2149
8580
2245
7908
3295
9333
5197
8926
3436
4572
920
1084
9708
4236
8979
9096
6977
7794
2240
8429
2380
866
4061
2317
5166
2401
38
5908
2211
9581
2210
6972
9473
4071
3933
5875
2002
8041
9794
211
4738
8237
8743
5525
2501
2832
2874
9579
1932
4617
3972
3682
5438
4639
5186
3712
3639
3788
3817
3052
6793
2943
1809
9233
7360
4540
1999
7924
8538
2471
5381
2875
9935
4813
2194
3266
4425
7572
466
8142
142
8669
8052
651
3881
1734
763
3403
3624
8953
7413
9115
9875
2576
986
5139
5239
5885
7401
4959
6949
7046
1957
5568
2497
2445
2168
8869
3718
1166
9078
3485
2383
4944
8389
5127
9076
9351
5543
5895
6293
7929
7975
1638
8152
4498
4422
2005
6377
9185
1726
6556
7045
8530
9895
6753
1463
7819
423
163
5044
3297
3205
9017
2264
3661
8248
1537
1502
4487
8335
4991
1217
4011
2966
4173
3931
2179
9719
534
3695
7176
9887
5356
8978
1633
5594
7461
7988
1274
9796
913
789
3446
5950
8465
2587
6280
3368
352
7190
1454
3974
2186
4348
4613
7177
697
8476
900
136
2568
8387
7771
6188
7523
7526
726
7841
3959
6744
9688
2685
6670
8545
9002
9520
7104
4743
2406
1515
752
415
444
9874
7343
3137
3358
8001
8446
1322
2332
5460
1230
7020
7649
8924
3357
4387
9162
5657
9269
9553
9349
9100
1744
9598
6805
9394
1290
2984
3287
624
1813
4873
7828
226
3830
9802
5776
3049
3010
6480
7755
5564
8847
5120
7385
6832
4110
9816
9942
5439
2616
8712
8284
8971
2800
1687
3983
2843
2234
1552
7153
8684
7590
6927
5548
5121
4603
2034
870
4376
2304
6806
7433
7513
7146
9649
4361
2349
4841
2337
6432
7123
8749
9585
5253
984
3919
8995
401
5073
6884
1559
4185
3323
1870
4701
1637
5716
8504
7965
9359
6701
1819
932
7796
8829
901
2101
5449
4915
2567
7008
8134
1098
6289
8083
9670
5333
3876
6704
4032
2692
5330
2025
2024
1657
2230
3801
8865
9231
1801
151
3985
3541
3424
4065
4276
4682
2528
8435
7488
5089
7571
1287
1864
9272
3125
8942
3041
5555
2379
2029
8738
2662
9723
7855
3278
7569
8249
1470
1121
105
841
5209
1443
8304
9222
8619
7011
5780
5577
6723
631
26
9325
6209
2963
1014
4350
3748
8322
2402
859
576
5106
7336
3090
1782
4903
8432
2030
2739
6886
3341
8980
9212
2021
5315
7550
9883
6923
2829
9120
8324
1201
593
8880
8662
7221
376
2335
2205
7139
9038
7219
6134
8228
7830
7815
9854
591
8876
7528
7870
1496
6423
1521
450
5752
8614
1082
9041
3262
3375
3549
4693
824
874
7865
2760
9344
5425
1299
4027
7366
9727
471
1975
7142
6330
4399
9384
1805
7781
7492
3929
9530
9561
1743
635
8099
6859
248
1232
8092
6485
1706
9232
1910
555
115
2309
1842
5025
9318
204
7797
4552
9456
2539
5524
6459
5542
9330
1696
5801
4170
8135
7363
296
9849
7970
9215
6528
8694
6402
2892
1239
8800
5505
1931
3715
7654
3194
2028
3778
6479
7602
8564
5769
2622
3681
6849
4057
7779
224
3247
2921
8462
1419
3941
619
6279
8864
9378
714
7248
6994
3734
5087
8121
2674
3859
2991
3033
9107
2857
8630
9266
427
1404
790
5861
7445
5309
1546
7835
6937
8963
7603
5783
526
8195
8906
5793
2641
4561
4983
5762
8767
2574
5587
5244
1307
4592
2164
8789
1812
2844
402
5175
989
8548
5176
9
9343
3275
6507
5620
7529
7498
7903
188
1219
8337
9896
245
6506
3081
4569
7520
3343
863
6404
2579
8904
5429
2876
6162
936
4870
9760
6438
7575
7144
5648
8810
7194
6694
4341
5157
3566
1471
8860
32
7081
8808
7823
3630
4989
4412
7007
2509
4858
2930
6240
3188
9720
6979
5097
82
569
9917
1054
3369
4326
7936
6675
5973
9749
8048
236
3753
4230
4320
7919
6267
7058
9996
1961
6265
1317
6531
7816
5609
6838
3467
1490
7930
7605
8610
9529
2741
4765
9007
9070
2138
6184
8732
2208
8208
5993
3370
793
346
4222
4929
9045
3484
5023
5805
4699
2062
1540
8499
9230
8874
9836
805
685
1855
9121
7068
5187
6892
663
4058
3888
2658
1177
5374
5225
9986
8274
3503
9512
9599
5094
544
1146
3271
4886
9567
9477
9327
7477
4643
2012
1976
4686
8728
9237
2523
2718
3014
4258
527
4131
4614
9602
2673
6616
618
9179
830
9562
9877
1244
6602
1752
2762
3280
1281
8962
6213
539
3483
3458
8348
9841
2766
7646
2757
6673
5890
5114
2740
2789
711
2162
6361
6525
4282
699
8490
8424
1342
8887
3211
626
6820
5497
588
557
3576
3176
1225
1045
3175
325
6259
3067
4786
4742
762
2090
5711
2640
3
4272
8411
5788
1536
4191
8316
4426
4018
928
5519
1629
3290
4611
1291
4837
2200
7681
746
6658
3184
2975
4004
5534
1020
9371
3150
339
4214
9573
9190
3875
2320
2708
6548
7359
8245
355
8850
6578
5143
1611
979
511
464
7953
8308
7809
3281
7697
5961
256
4342
6813
3645
8638
1776
6408
7682
337
2882
2824
5779
1994
659
2707
8720
4035
8539
7026
9556
6356
2578
9402
7911
9293
6585
5503
5643
5194
9376
2605
5891
7726
5506
4039
980
4380
7783
3304
9428
673
7563
3240
6549
8674
9207
892
5922
9704
3259
7047
175
4447
3773
4728
6645
9618
8605
8912
7707
5956
9576
6150
9459
7610
9710
3917
7558
8430
3835
2313
7935
3317
2767
4720
4599
9280
8592
7089
4360
4181
4514
6822
4998
9365
3045
9540
6012
6866
5618
3113
903
8239
1930
4896
7173
7003
8176
1200
2519
332
1289
4243
3422
3060
9818
5554
4459
6088
8071
6579
5775
5131
9004
2893
2475
2589
1662
7175
5191
2701
1577
3618
2027
3421
5199
9532
8035
321
6034
7237
3698
535
3765
8939
5386
5804
3079
2439
8878
7527
2203
8932
8824
3651
2768
1565
7044
9954
6649
7784
8811
1283
2091
1172
7065
9137
5690
3678
9889
8244
8104
8068
2095
8031
1713
1541
3100
7847
7400
8177
8557
4845
8213
1917
9066
6748
2249
9031
9829
7742
6464
7731
9584
7591
2184
293
6468
2642
2659
2157
3269
7609
4385
7063
9009
3872
364
5957
2147
17
9015
3445
4885
9851
1748
1024
299
6636
1836
5773
3151
4564
1354
8886
6837
2679
1720
996
6687
5863
1606
220
4237
8553
102
3254
2243
6550
6216
2615
6715
4474
6340
4798
4439
801
3583
8180
8285
884
2428
7536
7478
7947
3008
1854
9457
3418
2032
4196
350
7115
1831
8716
684
5549
61
4839
9306
9771
6269
1942
1982
2425
7095
4017
291
2344
160
4175
3805
4546
5383
335
1873
9117
372
6435
3230
1970
9995
4962
2506
5530
4143
2013
3963
5968
4044
9628
8958
2610
6586
3250
4162
1929
5223
747
6622
7994
8272
939
9046
8940
7864
2510
8223
3036
2023
113
4156
5904
7537
7099
228
6921
8197
9407
9753
3644
5115
4293
5432
2100
5004
9631
7942
9622
2474
8489
419
5180
3056
5958
8663
7036
5733
5941
7486
4277
8412
1643
8590
4139
217
4961
3848
9146
4776
1092
2955
9090
4150
5867
9515
2590
9147
9544
1949
9485
4371
1824
9155
2729
459
8275
1063
4591
3883
5391
8006
9580
5704
9055
3142
5883
3294
4494
5155
8503
2632
6719
8305
8788
8457
6473
1846
4386
8593
4334
6984
6365
7674
186
1077
9396
2722
2270
2254
7873
5093
2867
4373
7887
5366
6445
2442
1664
5500
4223
3101
8838
4946
2594
1000
6523
3006
662
7338
4864
807
1176
2543
6990
6573
6560
209
7995
9811
3212
4600
271
1780
4059
1716
691
1567
8222
6024
9966
9571
9429
8209
4232
452
5977
3942
8470
9183
3837
7868
8673
4747
2702
3526
720
2720
9077
5514
9669
6472
1554
3104
3965
761
7638
4932
3948
8475
616
8163
4302
4118
1992
7836
9315
6634
5778
8508
5022
7692
92
5375
667
6349
7579
3232
2743
7778
8819
8352
4580
5923
7503
766
1654
8265
630
4127
6100
138
4362
9543
2278
7940
5491
5623
3023
6392
8233
2709
5926
2817
1584
7878
356
7367
7473
531
975
7839
2851
7090
7158
646
581
725
1102
9906
57
406
9667
7254
3686
5365
6907
3775
1984
8367
7429
1547
5799
4763
7773
6458
4160
5070
1659
6272
7494
1783
650
3126
2172
3365
9453
8028
3573
8461
1947
3313
1358
253
8695
4331
6902
4300
4014
5412
8286
7260
5624
8938
1036
9461
2285
1907
9705
9241
7116
2544
6312
7283
7392
6478
3448
2881
3522
3242
4875
4098
7647
3140
9991
3877
2801
9435
4321
8425
3632
1067
7373
5784
2102
6353
1821
8480
797
1450
6219
4456
1334
5691
7807
9277
1381
2127
2399
3505
7716
3243
4180
1442
4003
1858
6567
962
4830
9611
2918
8478
3350
3504
9985
6788
1390
6107
3091
1096
5928
2357
8231
8362
5382
7368
2901
4883
1165
4960
4210
1061
6975
5650
2730
4865
66
4052
10000
5347
8186
4163
5423
4368
5110
7282
2282
9329
9297
7111
1517
6040
1680
8026
3660
8365
9026
3833
6593
2633
6735
5104
7198
922
3103
530
6112
7322
4843
5294
7496
4797
5744
5198
3647
5167
6385
1321
2385
8934
1110
8095
8409
7394
4565
3094
8242
2093
7863
4113
4051
9110
9578
8559
4480
140
2715
37
5280
3096
3494
1475
3694
4382
1925
8601
4931
42
2573
5169
9657
5092
2627
4508
4668
7954
938
9493
4973
5037
2097
6020
8273
9918
8554
7055
4250
694
3223
363
375
288
9674
5218
1106
5234
1862
7985
3531
7728
9640
2802
5996
4085
7379
9219
737
9024
1083
4273
7425
72
2365
451
212
6824
5049
1315
2750
8830
2663
5897
6384
683
9736
53
6513
4000
5828
4238
846
1530
3190
3352
1649
437
9149
3105
8358
2788
5947
8312
7553
5794
1551
6757
2046
3770
8692
4975
4730
6249
7180
6913
9430
1867
8448
2530
6383
9763
5832
8077
116
8140
9502
4310
7641
4924
2763
6955
2099
602
6876
1523
1295
4583
9898
5821
6987
6611
5138
9486
270
8628
7673
5181
4247
1719
8326
8008
2971
6555
4771
9702
2553
5083
8038
1235
5913
4731
9305
5345
9574
9275
6624
5992
3943
543
3767
9379
1815
3236
594
4418
3349
7378
2256
2651
9161
6864
3053
5145
7943
3155
157
7799
1260
9799
3453
9180
7804
5041
3398
139
5847
7275
9363
9813
999
8678
3065
8491
6008
7676
7886
1229
1138
4881
7238
141
2948
3533
2223
8781
4452
3701
2238
7998
1702
9265
3432
5484
6740
3244
6922
8066
693
9911
6676
8751
2676
7701
4224
9919
8929
6470
5337
8691
5955
1380
7024
7826
7959
2863
1277
7665
5899
345
162
8368
733
2897
2432
1746
7138
9099
9134
330
9979
9503
1682
2360
4589
9181
9988
9316
3545
3095
6021
4336
3152
6208
2533
8515
6005
3582
7907
3391
6568
4442
8832
1340
6306
3193
3671
4755
2288
9122
8970
378
2561
3374
7820
5881
5243
8941
660
2551
3218
7669
677
3537
4462
7148
208
5478
3845
1180
6053
2570
6242
5894
4783
710
5033
7451
8727
9032
6538
3133
1601
5499
2524
7485
4408
1983
8459
4125
5951
6155
2905
3037
1129
3392
7077
3768
7463
3809
2932
5523
8427
9458
3786
847
3293
9391
1320
8346
183
5336
7909
3477
4413
8821
1117
3086
9819
4242
6856
137
9732
8236
6553
3891
5177
2498
871
8437
386
263
9397
1028
4822
4099
4521
3228
5455
1104
7650
9072
8255
6659
1413
9662
9878
2864
9201
997
6677
5943
3979
2182
7766
2586
3578
4622
7257
1468
9741
2009
7859
3730
7918
6733
7449
9130
7777
7856
992
2069
5251
2939
4835
100
3333
9008
3157
6200
2115
2782
2593
2706
5088
3197
8485
5888
5054
2986
1059
6225
5526
6843
4066
700
5642
1799
1985
2738
8689
5841
8260
309
716
1208
6933
4082
7546
8642
8192
1796
2488
899
4623
510
9084
5598
2512
428
6971
5221
1405
3760
1073
9381
3973
1021
5709
8456
276
5281
2559
9436
1449
5693
6850
3546
210
5142
7293
5350
4206
977
3865
1134
964
8773
5916
6374
7894
5840
825
8955
3093
958
1397
1677
9570
4646
519
6237
1555
9952
334
6073
2836
778
9938
740
3051
9755
5835
4716
973
2489
30
5812
8148
7309
3466
1874
9203
177
8702
1147
3454
5376
3683
422
2861
9187
4806
381
75
2429
3011
4026
2126
390
3025
501
8410
4278
6942
3724
6281
2556
2713
2118
9168
4879
9619
1612
1255
4461
5676
9308
1485
2667
7745
9270
8205
78
1438
7249
8488
5232
9955
473
9822
9894
7428
7883
6466
6204
1779
5457
1060
5128
3042
2296
8153
7668
8421
11
8268
9594
2461
2812
738
9467
408
6695
9800
3221
4919
4303
3000
8661
613
5800
4794
4048
2413
5578
3823
6713
4857
1085
2727
3906
7157
9178
89
6580
5086
3617
5552
5026
9079
4957
6419
4298
7566
8306
338
959
8119
9374
2485
6268
5240
9202
3982
5746
2904
3758
246
881
7895
8062
5056
8466
3958
8373
1231
533
3325
8301
3145
8775
46
8656
3814
5997
3124
7079
2719
4675
9844
4752
537
333
6596
426
6022
5994
1141
3685
4709
9912
1029
3404
4861
8224
7482
6097
7662
9469
5122
9247
7344
645
1857
6651
1793
2073
1042
4538
3896
6027
1544
850
7706
6631
6254
3455
1504
1119
9865
3260
5616
5233
7574
2212
9313
2081
5123
8985
7031
3961
4666
6581
33
5765
5095
4872
7118
1385
2776
9693
1794
7126
6761
7076
855
5055
560
2635
3779
2342
3825
7067
1620
7187
4312
7854
7397
2649
2712
1086
134
5850
7525
2346
5046
3797
6641
9672
4809
6337
5853
3591
2015
7027
3713
3213
5368
5665
9694
449
3330
8254
9786
8544
6829
6189
2153
5351
9289
7586
9226
4892
6724
9036
7337
7470
6512
6397
1908
2416
4105
7910
4411
3529
6618
2681
9301
2562
2914
7554
2042
1770
9712
2134
5798
6783
8444
8729
4460
1820
3372
6056
8097
5610
483
7972
878
201
5259
4860
3596
6287
4475
2636
2535
2437
3166
4333
753
4314
5685
6123
3754
4782
5069
7447
3141
8790
5419
9274
1549
6995
4681
3699
480
3697
5061
4687
780
6869
2693
1351
3360
1626
7599
6959
612
81
3842
6158
4997
2307
5193
7759
4369
7316
1699
229
9082
6318
5886
6609
3610
6069
5466
6001
9977
3742
7013
2639
831
7272
7439
7971
7882
3602
9678
4664
9455
9555
9246
1684
8675
6143
6400
5918
9913
2780
9914
9104
2798
605
2299
4740
7625
8146
8863
5768
574
5874
3356
3044
3954
1747
8297
1911
1407
6628
3208
6141
3731
1964
8039
3866
4999
9549
3587
5791
9229
8405
2056
4433
8011
8494
2871
4311
2128
1756
8861
6075
8646
1996
5537
187
2680
1769
6078
9446
3740
7201
4069
2374
1184
5723
7881
2555
921
266
4554
6725
8024
4420
120
2631
7657
1758
3657
3046
1099
1507
6217
9681
3629
7530
3069
2826
7542
5990
1472
4605
7491
3402
4141
8483
9321
156
7561
8951
3131
1519
7622
6831
2705
9383
8147
9604
7140
9577
2944
7324
4705
8994
3345
2967
6264
9872
6794
7323
2077
5385
2321
7259
3898
9846
367
1482
8848
1732
2563
5421
3794
5729
8710
1919
8050
8567
1902
3077
9583
6273
1370
2140
5572
7414
21
16
3173
8703
8587
3502
3320
614
9418
3127
637
3595
7713
5689
1733
9696
703
1663
3238
2688
202
8329
2392
2216
5012
96
2972
7458
403
3073
7103
4187
200
3940
1811
8884
2004
5296
3183
6467
5453
6741
6228
8607
2493
488
3700
6763
2199
8264
9525
4233
3063
5557
993
5431
8219
1562
9560
2106
4637
7204
6263
2815
917
2982
2070
4988
2937
7009
8215
6666
966
625
1206
71
5915
3813
1937
7261
9048
9731
6072
1105
6711
1109
5182
4471
5575
8578
4859
348
8310
1918
3938
8917
1802
9373
3750
9144
2516
4502
8528
1465
9490
5136
4828
835
946
652
6375
551
772
6882
1797
5789
6099
8165
7817
7519
7640
1995
558
7297
3776
858
1249
8295
6570
1250
5378
8206
6501
1916
9061
6767
2087
1383
7824
7736
7172
2520
2548
9235
486
1913
4627
8109
1116
5595
3561
3106
2144
1243
7110
5329
3899
1035
3451
6420
7548
5806
8944
4579
1945
2085
8471
358
4855
648
4980
3399
371
8851
4969
2935
1830
3916
7432
1486
6451
8005
8882
58
9184
5770
8258
1618
5387
9248
8651
7335
5408
8652
6182
169
4429
438
2546
6331
5635
5980
5880
2466
1095
2656
5152
7923
5660
8735
1568
88
2949
8087
1787
6160
9132
6079
6139
4050
7264
4245
5974
8438
9842
1953
6672
3655
6398
9703
8599
287
4769
1270
8117
5512
8687
4332
392
8586
8570
5275
5586
9617
6300
6944
7867
554
49
7236
6746
665
8158
3342
8187
4453
4226
173
8386
353
623
9588
7598
1005
7412
520
9033
9491
2645
1314
1956
1447
4838
7827
7430
453
2531
4703
311
7763
48
4440
6700
5629
9186
679
1576
8045
6547
634
239
23
9654
8393
9659
6248
8990
297
6960
2558
8925
295
7892
5283
9792
128
8385
9902
7889
2007
5694
4891
6787
9691
5710
385
5434
4351
7227
3022
595
3791
1309
5348
2192
9113
1653
3543
8271
6551
73
2427
3334
895
9554
1267
3525
6355
6258
3229
1656
4964
8602
696
8396
257
9886
6496
943
2505
4641
7748
4849
150
285
7214
5848
2508
411
2499
4465
5476
9781
8355
7041
8577
5692
7354
4570
6926
3763
7476
4407
8701
4091
4648
2083
3241
24
3028
1245
2268
5003
3852
3662
8849
4805
2978
4501
1890
4938
5422
6954
4652
861
4261
8044
6170
1349
9432
7960
9958
5734
6428
8328
5664
1319
2364
9592
1023
2737
3087
9299
5477
542
8725
9947
1833
5936
4547
4161
3161
9200
1013
7001
923
7179
2625
9735
8137
8145
3527
9751
9018
3301
6639
8315
4132
1989
6809
4001
7223
1402
4455
9989
9368
7033
4370
8175
5254
3410
7660
2253
3405
7760
5229
7281
4996
1220
2423
4434
6058
3035
5680
1894
3255
6911
8766
458
5172
6712
4936
2148
9745
6693
589
7502
2797
9837
8479
7917
5516
47
2928
8903
4708
8235
6433
7102
5837
4325
3088
4801
1520
2626
7843
7333
6307
2121
2031
1142
3640
7107
3397
4153
4217
6175
1053
2847
9990
2778
2755
5091
8450
811
9220
4690
2534
4588
9971
2758
9450
8803
8081
5342
6152
4780
1437
7443
5944
8833
8199
7245
3139
3144
779
1489
9548
9673
326
4846
9863
3665
7162
695
7154
919
304
433
1461
2598
2467
9885
6575
5028
7790
7319
2883
7812
1897
5533
3921
6879
1355
1150
1114
2143
9949
7514
3585
8857
3567
6714
1458
3452
639
3204
2591
8954
8022
6414
6270
3362
6851
4431
6617
9817
4680
1414
3364
8251
5147
1630
689
8879
4930
3538
7442
6238
9307
9981
8055
4635
2880
9683
5481
2120
77
6870
4158
9158
5340
5965
5742
3032
9010
2620
8959
6016
8276
7880
2250
4409
310
2071
1658
3738
6924
6779
2391
8088
1613
4208
1981
4628
4877
1845
2327
8700
6899
319
9868
6936
513
880
8583
954
4377
1954
7634
2443
6828
6981
1459
7345
8300
4419
2224
6371
6615
4871
2338
5030
2759
3815
7577
2464
8342
1693
3203
7580
615
5730
548
9003
2637
8477
9969
5190
5811
7691
2053
891
3579
7342
1749
6592
6929
8820
9074
4072
4867
3841
8844
3027
5592
6011
5085
7082
8332
5675
4926
6422
7915
5563
4537
5140
7795
9433
2655
6062
7170
432
3613
4833
3732
563
2502
2650
4949
4587
8506
610
6180
1728
7789
6901
312
1323
6503
1168
7224
5510
3261
233
7890
4164
4608
7615
7304
8468
4606
4477
2896
4172
9073
1571
6738
6948
152
1123
8737
1213
5183
5000
5390
7132
3429
6625
4436
5851
7396
7510
4430
4799
8292
5327
6847
3220
232
2040
4352
8622
360
1790
6006
5830
1535
3807
6262
4754
2129
5447
9437
8965
2653
9278
9337
1561
1881
5463
4289
2538
9658
6487
4095
4486
1030
45
8511
5724
2395
3935
5433
649
4714
1214
5341
3588
3098
7608
7621
1634
2436
9295
2652
368
5940
5440
3226
2330
4574
4390
7320
4785
1207
3839
4519
1367
879
4344
3390
4271
2403
6202
829
9765
7592
357
6854
1683
2269
2960
4037
8015
1817
6421
6953
1617
3606
606
5571
4908
8556
629
8918
9500
5622
7155
584
6777
5255
6197
7629
7624
8193
5153
7092
5362
1900
6395
7049
6447
4068
289
9729
3201
1652
4992
8759
8560
6357
8550
8822
8198
6455
4923
6576
5031
1301
843
70
6842
5
5893
9150
813
6698
2389
97
5599
4171
6477
8525
3981
3818
2691
5649
3784
1329
7411
3781
8299
5024
7039
7017
4598
5134
573
6883
6321
3121
4124
9903
7407
9701
8845
3597
991
9411
5921
8708
1745
1076
1373
9539
4509
5248
6597
4432
9612
5163
7352
9926
3589
1868
2166
5728
3586
3737
8388
7539
7966
6368
5522
1027
2503
3321
8992
8131
5901
2657
484
2831
4211
9595
628
7757
7441
7481
7216
8812
6126
1774
9192
9717
3550
3709
2571
8136
8452
3318
6756
4653
562
1771
8155
2818
2456
6229
5006
3728
2328
6941
6253
2911
7832
8034
2793
9260
7983
3880
9440
3114
7051
4953
4151
6730
5551
7764
2287
1678
734
6833
2514
6418
6743
2286
8589
2387
6159
6193
611
3642
2507
9821
806
6288
1593
5442
559
743
6909
6376
7495
7956
3289
5678
7409
6521
4970
9390
4169
3389
4811
3518
6114
5310
1570
6348
7311
8497
1962
6051
4500
3854
9101
5717
5747
1050
9893
8698
3167
4726
9135
4145
7932
7922
7203
1032
6168
2869
7130
5150
4435
2666
2550
1750
3506
18
6769
3684
5407
9170
8036
6887
1078
476
1012
4779
4111
1210
4023
2891
3539
7448
7747
6363
5653
1852
5298
8075
3764
4288
8756
1595
3690
6823
6206
7467
6391
2726
6905
8279
6754
9572
5807
7075
658
9346
9171
828
3925
3565
2940
2890
7950
8950
3590
3434
5546
8166
8124
168
1008
3508
1411
2326
4330
3153
4802
3928
7171
3486
5129
784
4198
5737
99
2549
7761
4274
5758
1767
7285
6968
4410
9445
1430
8896
1841
5062
9454
8983
2899
8841
9439
7084
7979
2807
1645
1877
5646
3034
1221
4689
9264
9960
9927
3206
4939
7112
5461
6417
7601
2370
3947
502
9398
1893
4495
579
2504
5964
6185
8598
8361
9590
4259
5005
180
3480
9715
1360
3359
6985
7509
235
2054
7955
4688
8659
7156
153
5288
5135
7235
5638
6025
7241
6947
2092
1828
1162
1361
3412
1586
6346
5260
9492
4683
7851
3861
3253
4818
2511
4568
2965
5398
2231
7613
4488
8403
178
6819
3519
2072
121
6906
5161
9103
6054
35
4005
3507
3299
4443
8283
9558
15
6101
8883
9195
1451
9205
1406
4374
6799
3912
5252
7288
9950
3457
3628
8018
5741
1163
809
7842
5576
3772
1143
8827
4454
3481
5803
4724
865
3117
6038
7094
7108
1806
3914
8296
4848
8697
6825
6841
8501
3509
5509
8447
491
5470
5490
1212
7822
8200
9468
3638
3949
3039
6643
2156
307
7181
5304
3635
9964
2331
4632
4043
5291
4994
9997
7453
826
8321
7775
6148
856
4009
849
9085
6448
8769
3926
399
2473
4555
4810
9993
9176
4076
6035
7469
7212
1477
5246
5040
929
1853
2267
4497
4075
8408
1892
1436
3654
507
5158
36
8474
5593
9943
9475
4389
1382
585
7220
5160
4397
768
1305
5389
5001
9545
1226
3789
3408
8968
9803
262
2458
7462
2018
8020
8635
6388
3924
4993
3793
3798
9932
819
676
4063
2522
7247
3757
9891
4366
1914
7719
6347
8150
5480
436
6251
821
6988
2411
4905
6848
9268
6196
6526
9527
9284
7754
7137
9022
1935
5983
664
7884
6427
7169
9861
4246
6294
5661
1582
9522
7986
8617
1980
3806
7330
4506
3219
5320
3515
4650
7659
9881
3717
3904
7648
8183
5591
5377
7844
3995
2258
9410
6543
8686
7483
674
8582
550
6916
7209
8442
1840
5125
6589
9626
3428
8919
3741
1297
3136
4090
6394
4816
4610
2084
6755
7096
7744
2687
3007
5146
3601
815
7683
1888
40
8319
9764
2714
5118
6731
6456
1851
5858
5405
9944
7565
9725
6416
536
9347
6603
3285
7064
4024
7218
2470
9053
414
6230
6685
4766
8482
1512
7353
2202
549
4631
5942
8999
6406
2289
3267
8624
4317
7383
2098
3066
2783
8668
3828
3733
2772
1938
7688
3119
1730
3946
3419
2694
9388
5133
7567
9518
443
8783
3187
5205
7746
6517
8400
8898
2496
4203
6862
1081
225
8247
290
1973
3361
8053
9157
5435
8394
6775
5109
6424
182
4541
5413
2983
7679
3017
4982
9860
818
5384
3927
2232
1335
908
3276
4661
7933
7151
6689
2367
7436
2057
106
3009
8911
745
4021
8664
9605
4990
5878
4539
9775
9668
108
8740
9773
8893
5397
1711
8210
1952
5808
4406
4167
8731
8364
3967
1103
4119
1727
6130
783
5038
5321
9697
223
1884
8000
5359
2721
1066
5331
8051
2873
9908
9494
1311
2654
3076
2959
8374
5902
9037
2277
2700
3199
8706
9787
1876
6739
7712
3314
3994
3970
1268
167
9623
7010
6895
8679
8434
3720
8046
5224
6583
7028
8201
3894
4897
5078
1049
7582
4536
7380
2736
6205
6930
7246
5290
9245
2754
4307
2723
1510
5332
2526
2889
3555
2999
517
5222
1497
2554
6373
9464
2446
3980
8407
4199
9034
6792
6323
2483
1160
4612
5360
7289
976
3554
9424
3347
1679
1193
1991
8899
6511
4942
9909
1182
2146
5507
1604
9514
5949
1707
195
4458
6015
9223
5857
8837
2779
6083
907
6333
5207
4774
5984
7769
5645
8021
4757
6989
2542
1765
1328
4417
1818
6146
5856
3725
6222
8463
1737
3903
6065
6116
4367
5212
4107
1560
603
3501
3338
7774
4947
9975
9463
7780
6650
8398
9259
243
5959
7435
2266
4353
7729
1661
1632
2426
5117
4096
1899
7356
540
7996
8401
3195
7801
1533
6598
8734
7393
3615
9169
1179
9848
2353
3292
3355
3233
6861
7813
9497
968
2248
7803
9501
3739
8116
8440
3675
2792
8184
8091
1062
389
1148
9244
4844
9193
4231
9496
2592
4874
8806
4551
1542
126
6247
6891
2112
6023
512
6304
9043
8514
776
8067
4950
5295
3811
3393
9552
2769
5673
6014
1698
7632
1100
8897
4575
2916
971
4604
6415
2297
3464
7833
7471
8561
4042
4725
8025
4616
6087
4517
8711
2781
775
3745
5271
3557
4225
906
9340
6149
7402
4955
2384
6537
2154
7133
6252
718
8828
2850
86
4183
429
1974
8509
5274
7183
2862
7298
1993
860
4324
5785
6074
4698
3495
6256
9335
317
2917
9692
3548
6623
4195
1453
9013
5307
8307
3564
3571
4340
5854
7262
9127
2447
5154
2165
1145
3047
729
9401
1460
3751
4394
3719
3329
3976
4022
6037
1195
8161
5761
3456
9474
2974
9478
6610
6207
8379
1377
3286
2672
599
5448
3128
5621
4421
84
7552
7174
6620
51
274
9999
1300
9425
2292
4445
3532
1978
808
8060
974
3016
4952
5539
6390
5745
9089
3388
7242
4166
2611
6241
7069
4020
8988
2316
3463
2668
5531
8565
5547
3897
2078
4025
4235
4515
8862
905
5517
9743
4856
5651
1598
6544
2813
7562
7292
7600
2664
7341
6614
4084
5324
7564
3224
902
2434
4482
7977
4721
8568
9962
4834
9788
4995
6791
3396
9382
4318
7256
1488
3015
1578
1038
410
9105
342
5739
5400
1065
6561
8666
7705
834
366
2247
2494
1691
5220
56
3302
6690
6007
604
351
8151
4618
9972
6181
5772
5929
1484
9843
4323
6919
475
1069
4645
4935
4920
7616
2355
5445
2749
277
736
8742
64
3633
9302
7508
8834
915
8164
219
9616
2810
254
3331
2068
9323
6328
5036
407
9904
4192
2251
3172
8818
9095
5935
864
3490
4967
5316
1641
8252
822
8013
4667
2016
279
7350
2225
4940
5755
7239
412
369
3018
4424
8423
3171
434
6662
6389
5339
1209
4189
4906
8122
101
9338
1705
5228
5864
8318
2675
3177
7419
788
6904
1432
2671
5590
3319
896
6243
1312
5898
1800
6890
9444
9206
7808
3075
5021
1487
6018
3092
1927
5574
4338
2222
9637
4194
5105
6721
460
1410
4710
3511
5363
4427
264
9890
1218
2131
9856
2517
268
5518
1216
359
5919
1064
8330
318
3004
7284
5871
5674
3473
4659
9447
3609
3084
4507
6702
4516
2452
2393
609
1574
2394
190
4840
8721
2945
3535
5823
8078
8143
4581
9056
3168
8588
5170
9199
2855
6090
3517
4416
1871
1247
5882
9767
1669
6235
6502
9768
91
8718
2648
4255
5628
9597
3237
1493
9892
8802
8090
9404
6490
3621
5995
6980
5656
4677
2217
5763
8705
5468
5655
9291
2486
2275
4264
3879
2950
5029
2213
5214
9047
6128
1368
7452
5852
7475
1037
252
9680
1615
9965
9884
2187
2376
1292
4756
2823
6061
9953
7518
3138
5162
4375
5705
8190
803
8426
181
7913
431
8916
7232
5962
792
6344
8521
8543
9805
9093
6939
682
9476
5707
6221
1337
5364
227
7437
7165
7958
7987
9780
8801
2358
2221
9027
1333
3200
8895
8558
203
2255
6026
4157
2924
2305
1670
8451
85
7258
7424
4080
5258
4577
9684
3441
5767
9217
934
9939
1395
1265
5790
361
1416
3335
2185
373
3544
4033
5485
8445
1420
6804
8809
3512
5100
1861
7296
1280
8313
2852
3691
8149
7426
1538
1007
4179
8016
4674
2588
2190
8733
7792
3450
862
5112
4101
8859
8138
8349
2228
6226
6956
6166
7043
5865
1640
4684
1564
3394
6781
7347
3706
1689
5427
6013
3932
7197
3611
2827
8127
8115
5354
7386
159
8960
6600
9339
5475
5011
5924
995
5556
2339
2619
4205
3950
3777
3574
9713
3312
2728
1688
4287
6186
3964
4049
8007
3747
8779
6728
654
4204
704
9809
7861
9948
7421
4219
8654
6898
9933
8520
2733
8484
4347
4691
7752
9236
586
9951
7560
7871
3146
7545
9770
6142
4787
3020
2913
4958
4108
6865
5714
2612
9968
7384
873
529
3099
2938
4918
8298
1958
8261
2686
9108
1998
2947
1152
123
3367
7369
5809
7331
8002
8204
8645
8913
3252
7113
6190
4313
2022
6640
3024
6908
9006
8900
9353
197
9785
1550
4402
1273
8555
3380
240
8188
292
6413
7348
4267
2805
5647
4155
4669
1712
3409
1401
1047
6076
8144
1227
9795
1524
5467
6608
1506
6161
3499
1090
7016
5603
2408
4706
5464
7109
8780
5545
7
8085
8519
8084
7215
9271
3530
7787
9310
3874
2454
4933
7029
2572
1366
2123
2922
2527
4904
1352
7071
5411
4634
59
3439
2581
570
4135
3225
5750
7727
6969
3251
6918
8402
1503
409
2725
1967
7021
1336
2038
4767
4638
4254
3296
6322
9686
5020
5479
1192
3643
4576
2107
2188
7206
3227
6460
4444
4911
3955
2961
3339
1786
1431
1763
7756
4328
7906
6534
1539
4093
6697
7999
1483
7636
495
767
2909
6729
1306
6317
1254
230
7633
5064
5314
5873
3498
6903
2465
5843
854
5669
8611
4496
1505
8325
2962
5825
8455
3923
5626
9589
2785
2463
198
8354
9285
462
4396
7278
5652
1433
9380
508
9139
7450
6137
1441
2583
2334
4907
6443
3782
4316
2279
7073
5050
9292
119
7159
607
872
9509
601
4789
9587
3736
786
7340
7136
6710
7651
6635
3462
7446
1418
4215
6396
4294
5116
2853
5706
3847
4586
7460
5008
6520
1469
5335
4670
6795
8240
7489
633
2487
7805
4007
1599
5979
5401
8040
3055
9326
4593
2608
1386
298
5820
9296
1127
869
6594
2175
8867
2902
6151
1772
3705
8413
9182
7710
6997
4355
1924
6401
5080
3774
5601
9324
4739
1115
2915
1616
6515
5219
6315
1006
199
3089
9385
9790
1959
3179
7628
9734
9880
3382
5925
3282
4887
5151
1963
3300
5872
7686
324
3975
9675
2716
4671
5511
1614
955
9698
5822
3147
2920
3997
6742
1304
4405
1826
8076
9625
1376
8595
6796
9629
482
6183
4441
522
7544
1302
2969
4655
8584
7072
6086
6632
5262
8908
1137
8220
7286
1946
4749
3270
1308
2089
9825
8653
702
4704
5293
1017
8961
65
9638
7000
8945
4356
6504
8246
9850
8741
8627
2055
3604
7921
9116
9547
2396
4378
571
6874
644
316
6063
3637
6860
5300
9808
7821
1241
1977
5960
2541
2450
1753
7184
3414
7484
6776
4888
261
1912
7670
9963
1635
5998
2390
7307
2811
5103
4123
1055
2677
1369
1508
621
3790
1264
4558
4190
8339
2746
98
3553
8671
3416
2747
6412
972
7619
4327
4584
9679
8966
455
1694
1139
5666
5238
6282
3482
5662
7371
7593
5562
1467
2735
2600
7143
7857
6052
1457
6409
6191
4795
6524
1153
9145
6041
9273
1879
4457
6308
9276
487
5567
343
2858
5319
2449
4104
4117
9636
6569
6441
1167
7408
4678
1389
8472
3708
8133
3080
4489
8047
9784
5489
9915
2235
1516
2834
6044
2878
6653
6286
4054
4505
7967
3810
8377
7934
9758
3191
1741
7225
5681
127
8103
2110
3884
7991
3821
796
1672
60
525
3951
912
5606
216
5058
9118
8814
546
3415
5272
9174
6790
3249
3129
2417
1739
1944
2113
4483
7490
149
2784
4917
8746
1347
7294
9372
7415
8696
6465
3887
8952
9331
5760
7541
8029
7661
1950
4114
4657
1607
4146
9163
5496
2996
6656
6316
3248
4481
9928
799
7557
580
1971
1424
4476
8217
6224
8755
7570
8623
3395
9434
9000
3910
8873
2460
7694
8182
7015
1133
7501
2026
7730
3332
7968
3689
9092
9309
8969
2220
8123
6231
2198
8288
9483
8277
6339
4719
4045
3030
4337
8643
6932
9961
655
6519
3944
722
6818
9641
3123
5318
1580
6366
5774
5060
709
2318
2119
5931
748
7702
5982
2263
7825
4449
3572
9051
8063
5002
1686
6810
9992
5051
4815
7549
8881
8211
1046
2979
4979
1257
1392
9451
1124
6106
238
1157
234
5541
3953
6119
5619
6875
2117
1075
5346
8626
191
8464
5972
1740
6301
795
2557
7715
2841
4793
4269
6239
5027
4847
6284
5876
4102
3716
5636
7303
2236
8449
5403
5550
2647
7306
7274
6595
4679
8487
148
6682
3214
3493
6387
7555
3696
6364
8218
2900
506
3838
8616
250
7573
1498
4067
1665
1409
4263
9395
4880
8181
3156
4286
4202
4821
4636
9165
9422
1590
951
7186
1602
463
5487
8517
6030
7124
2521
5265
7667
5987
158
5067
8816
9164
6964
8757
6131
5946
8744
6095
2584
2459
8771
8331
5059
2193
6145
8825
7479
9653
2453
7951
365
5173
2294
1724
281
8507
5879
3536
2989
3873
391
4770
3277
280
7522
2842
8996
3853
7504
3326
1363
2973
2306
3710
8185
6352
8569
7005
2964
8453
2859
2980
5627
2438
396
2601
5312
2870
7440
2942
5663
4346
7893
4305
9128
4850
8042
6768
7720
844
7885
2941
2565
5269
5276
8353
5174
5967
1072
1026
7114
2362
6336
8784
3956
2363
8383
6993
8510
7614
3165
4034
8043
2894
2049
4073
5409
2160
1234
1019
5235
5839
2689
5018
8417
9142
5600
5963
8378
9523
4193
552
267
1223
301
3930
2569
1093
7182
2848
7974
6661
4557
7687
8606
4595
1185
9499
5970
6461
9546
8032
4649
260
9334
3855
2152
347
4777
2158
8380
7583
5538
7454
6359
2079
538
3268
2351
5569
3475
3438
2630
2814
7888
8636
3468
7487
1966
1365
6900
7305
2518
7535
8649
6737
5469
657
1452
1276
4268
5810
3634
9249
3308
1113
8012
6498
9258
7499
3677
6246
2377
4642
561
5068
5498
6530
3273
4469
4097
9482
8341
340
7185
5971
3913
7365
6938
6378
6474
9774
2552
592
7737
8817
2033
8688
7945
4485
5736
2094
231
9706
3524
1101
4544
9651
1097
4542
272
2284
259
857
90
812
8173
5035
5580
467
3999
8680
4154
7399
9225
4038
3559
9716
2043
6590
4722
6129
2698
6601
9772
3641
6036
3563
5279
1348
9194
2271
7891
9152
5108
5945
6759
3050
7524
9524
5797
5406
4711
3889
8336
9777
9156
9586
1768
4548
1592
963
1009
817
9778
9213
6770
2431
8037
1808
3832
627
456
890
8920
9630
4764
6276
7279
4640
1525
8196
1198
5328
6762
275
8836
7358
9350
3120
4718
5605
3216
8921
7957
7738
6571
4492
2604
7840
8170
1445
5016
9834
3116
4364
1199
425
22
5474
370
2744
6165
8719
1594
4339
7927
3851
8997
4240
7984
6343
837
2189
1823
6457
5855
1394
6299
5226
3679
4823
8647
6045
7290
2907
4209
5284
2711
1479
4972
1948
5098
3496
6214
3500
3336
6834
8660
3186
578
1933
8101
9888
9405
3115
6121
1843
133
6976
4463
8542
4943
5297
7318
6430
6844
6626
8915
688
5404
6283
7595
6028
9114
242
7877
5216
3057
8436
947
7277
5632
9801
2820
5446
4559
647
1393
4945
8902
1022
6814
7690
4890
4523
1015
2136
1339
7724
2804
179
8443
9815
1968
5388
6444
9828
1186
9690
6529
2415
9506
5814
4984
1839
2582
3135
4899
8956
1156
2717
7594
8936
4149
2246
9283
1071
4403
2171
8493
8937
7263
3043
1251
4532
8618
6749
184
1951
4761
6599
5263
1286
2929
4567
4383
1215
2272
8230
6302
6098
8129
9063
4178
1717
3620
4694
3071
2868
2359
1742
3234
5156
2998
4751
3031
3761
5249
8634
9934
9058
3209
6491
6961
395
8366
2985
302
9987
4662
6296
9840
3659
842
8842
1986
9814
1579
4812
4735
3283
6914
7597
8314
8768
8441
8774
1597
6410
5458
1353
2775
6153
9797
2130
1372
5211
6303
4028
6727
941
2375
620
5787
7875
1660
6077
416
3905
282
2846
114
5267
2124
3540
2906
5588
1481
2218
4571
6091
3911
8763
1532
3570
3474
4493
4630
3862
4121
9267
3469
3593
1120
6736
9098
523
4772
4607
7770
1279
7680
9930
1878
6540
1294
1623
4927
3316
5802
147
8282
7321
9256
2872
9862
7018
265
7234
6668
4168
7914
8019
1345
5687
3381
802
5860
3427
5688
8392
3383
7434
5168
3990
1591
2325
3245
9257
9262
6671
2311
4550
5827
9012
3886
7389
5697
5558
6541
1384
107
3766
6291
8505
9535
1573
1398
9742
7422
6358
3827
5443
5634
6703
6403
454
6766
774
5196
823
1847
6505
2195
1426
9282
2469
553
3858
6983
9945
5795
2373
3636
7240
1439
3755
3800
7969
50
2865
189
7916
9748
1476
1259
6881
4898
6935
8369
5107
3771
9240
9221
8804
4234
4741
2076
7896
2145
7734
8572
6324
5566
1018
331
9064
567
1421
2372
2545
9804
1282
1835
9312
4381
421
9126
5076
2448
6720
5344
2927
4895
4503
3471
6096
4144
4866
80
9671
7420
2422
2435
5504
8086
7042
7351
5250
1810
961
9754
8870
2621
4624
7620
2386
7874
1955
7147
5907
4319
3599
3895
1875
2350
5615
8858
6232
4615
2291
675
3435
785
8280
1650
1690
7098
2477
4248
524
6951
7685
2830
2036
69
6210
7533
643
2052
7456
440
7858
9172
122
1246
8604
8498
777
1429
9356
8114
5658
9140
7135
7213
6588
8278
6967
4227
3971
1837
154
377
8562
5892
9227
6811
1648
9984
1903
176
6133
4197
9119
8093
6785
5589
6326
7606
8064
9498
7658
1834
5695
2888
6109
9510
8566
2381
6545
4094
8381
8930
7270
1757
2421
1760
1676
7192
4814
3631
9431
787
6646
2405
9288
3324
1178
7714
4136
31
8454
2525
1375
6118
1898
8839
9559
7167
8717
9166
2409
4122
9983
327
8428
7193
7178
2643
3598
4893
7516
5701
9188
2638
9412
931
194
6157
925
5759
6966
9191
5132
764
2173
5270
6081
5144
5573
598
6726
269
4221
756
4056
6370
5887
7231
9413
2444
4562
1070
7758
7012
3110
9916
3164
63
5862
9967
6386
8492
7617
9133
3425
5727
2135
2678
8473
1324
1766
6807
2067
9091
3411
8585
5889
9198
4019
3401
3846
2226
3196
5302
3626
7339
6381
8730
8620
5113
6350
2150
8984
1838
6215
8982
5371
9042
1928
3431
8172
3692
4400
95
7980
5986
8957
7850
7243
2816
2819
7040
9830
2934
1695
5672
1704
4563
3978
8799
8270
8826
8469
987
1762
9242
8868
7866
7732
1804
8168
9624
8914
5396
3288
5292
1425
2368
5560
1237
6367
4922
4060
5090
6039
6863
7455
8770
1189
9664
6803
5582
4036
3102
7693
5667
6782
9957
3812
9823
6144
9922
6888
2936
1016
1288
170
4315
9557
8513
3658
5914
2787
206
6103
4092
7059
757
5764
3934
9311
1356
2529
6068
2923
9726
5508
6437
942
6260
4078
8853
744
2624
4513
7831
6991
3487
6945
6638
3048
933
1909
5641
4249
8227
680
1514
9747
145
6784
9228
3528
3556
4803
405
344
833
4308
5686
2197
5719
9542
1675
6305
6591
4296
6912
4379
5553
3580
7034
2808
2613
7663
877
2765
329
9452
622
4086
12
7989
2457
5488
3417
926
8257
5644
19
4921
9534
1039
9937
4528
509
564
8551
6678
956
379
3991
8243
3575
2419
2176
8141
6048
124
8522
8203
7006
8987
4773
2000
5559
2575
3656
7066
4522
3885
9370
9426
5607
9677
4971
5715
8481
5708
8753
521
7540
8171
6154
8179
4676
883
3984
4491
1296
382
7678
4015
2770
3192
472
7900
3303
8786
9254
4878
6582
1792
6426
1004
4354
4913
7161
9831
1224
5410
1644
1543
9387
6681
5900
1196
6234
9759
6
8670
9460
6734
1344
6880
5380
1253
8132
8762
7210
7362
445
1518
5111
2903
7846
590
6332
7515
6425
8518
940
5492
7656
5483
1031
7229
1556
3792
5210
638
4963
8782
503
2952
4437
2207
1202
2006
1456
3449
3472
3005
868
5482
2690
5817
1896
249
9685
8406
7962
6362
2596
9065
5184
9806
1610
6227
130
4229
5781
4393
4889
9028
9728
8266
1284
6716
4304
2178
1240
9167
9341
1171
6084
7902
4549
681
8813
7637
8831
9131
1939
6494
1242
4343
4746
4088
4283
5896
8414
5703
4729
2333
1403
7266
840
13
7928
9521
7862
4626
2796
8547
9386
7698
5845
9214
596
1990
6135
1374
8376
8073
9210
20
7675
3998
9438
5966
8672
6172
8778
2609
6696
192
3443
3857
5824
7381
4695
6665
666
393
2699
8631
8644
5625
9487
3799
470
4665
7361
2080
9538
2837
8641
9766
1269
5236
9776
4656
5119
1003
9488
8433
982
9946
7568
4545
7751
4531
9929
2696
4852
5099
3377
9303
4620
3307
9253
5299
314
3703
2066
3109
9807
9408
7543
6998
8648
3560
642
6393
6552
5683
7480
1784
6275
3210
8625
6867
8676
6274
2777
4126
3727
5373
1922
7370
2958
3378
3870
4285
2323
4842
1600
7205
6516
9420
9609
953
4291
6102
3594
5813
8576
1164
2617
2480
600
6797
3900
8901
3029
9791
7848
9593
2606
4948
2492
3340
885
7677
8714
2887
8250
2821
4520
1673
2490
8885
8600
8747
5343
9419
8289
504
7032
882
7295
8102
5204
400
910
5583
4046
1822
9059
5072
3132
2956
5529
8419
1789
8293
937
1338
9441
477
2607
4228
3160
4910
6817
1399
1622
2895
7050
4597
5520
2931
8603
4280
2482
7252
4894
5178
3957
3510
5493
8110
1422
5047
166
3426
4734
4808
1491
7328
1777
4130
876
9666
1859
4692
9075
7992
3969
7228
7700
9511
2970
3492
5367
2206
8356
7709
9644
9466
2239
474
2564
3804
3068
5326
8323
6780
9632
2577
8371
9239
2354
8108
2169
6488
9769
1446
9838
7952
6699
1735
7653
9039
9709
5101
5604
4083
8549
4186
5379
8776
9980
6660
4663
5077
3780
8226
3722
5614
7431
1583
5917
2614
8431
978
2912
4129
7106
5361
5866
9620
2159
6042
4220
1122
5230
2035
1941
9224
1934
6667
7576
2835
7946
4760
8637
2020
7849
4384
7233
852
6342
4040
8500
7372
2116
5597
430
3470
5195
55
6655
3729
2951
7444
6029
8986
4365
3840
8872
760
7417
2968
5702
9970
9601
7152
104
4621
669
3407
2219
853
499
3752
7101
3714
6840
9109
9160
1803
4257
9250
1527
3061
5369
9565
5535
909
3476
1252
7427
970
6554
3860
8894
2710
110
7004
8792
698
1798
3735
4200
8460
6877
9040
9050
9550
4863
2086
9030
577
7357
3680
7355
5757
2058
1700
6871
1194
5313
6722
8981
7735
8178
7163
7802
1921
5909
6686
9083
9655
6277
3189
218
6536
3676
7505
9642
8655
8685
1625
5355
7403
1327
3180
6071
5164
7423
5420
8194
1158
751
3400
5720
3040
6802
5816
6453
2734
3461
6314
7250
8221
3667
9345
4176
6311
4260
2343
54
5208
7860
4329
8418
1248
4882
2001
6049
4142
1204
5372
3021
731
7762
2017
5633
5137
3387
4372
6542
7416
5096
3808
575
3235
9471
7607
5751
8989
320
7088
1278
886
5084
6846
8993
2369
8167
7920
706
8169
9866
678
5451
1605
2742
441
1388
9779
2566
3744
8526
2366
5617
9722
1759
2732
1860
1738
7269
448
5227
5738
9319
3945
5189
7949
8527
1588
9197
8126
9513
3920
1480
8795
758
7405
8871
8704
9025
1895
1715
8207
2484
8891
8745
9925
9839
446
4152
5034
2065
9111
1736
1522
1318
4560
3882
6915
804
3170
3702
6508
6962
640
6345
4966
8658
3327
1548
9676
7334
4700
442
7740
7534
9614
7273
6064
7717
8890
2265
566
7364
3562
5325
1173
4388
6178
9827
5910
1674
2177
8070
6089
4685
998
8302
4829
3759
9505
1988
4012
1572
3803
5953
6564
4147
4470
3130
712
3608
9645
9377
1326
1781
671
6943
1256
7083
6476
4398
1589
6992
9287
5450
2597
8056
3373
6830
29
705
6351
5570
9054
6771
6509
8943
3693
413
5462
9470
2103
4909
3437
5869
8690
1885
1236
8241
8613
9591
468
4115
3118
2919
3650
8404
3054
6003
8967
6285
349
8976
8665
3070
5306
5585
7559
7626
4985
383
2170
6329
1316
1144
39
5930
397
1887
8397
6212
8384
2414
9320
6120
5920
9744
1151
3666
8049
5777
6986
1721
2786
3231
7689
7080
9298
7326
79
5561
6897
7806
469
6858
7315
1350
6925
8596
9568
2037
8855
7019
7645
1025
2274
2241
9871
1359
8892
9238
4820
2345
5424
9255
3430
2209
1621
5870
6236
2684
4112
9852
1960
6163
7517
8909
9204
1920
5418
4290
6492
9551
1619
8120
6627
3952
1440
9689
3704
3746
8256
2161
653
2513
1528
76
43
8998
2794
5165
1829
7129
1642
2481
2315
7765
5241
2167
8805
2879
7664
4784
354
3907
721
7749
985
7346
3058
207
3207
1850
8320
4535
2262
9364
4912
5584
7374
4762
3796
4335
7853
4987
3743
4827
6125
7631
7168
8977
7131
6557
7630
93
8502
9304
1531
1936
9994
5826
9533
1636
341
2260
4490
5322
8382
6996
9826
6613
8100
9650
2603
2866
6642
727
6233
3062
8399
4753
1125
5981
500
6176
9656
8238
4900
6372
8723
362
2059
9361
5581
8923
2424
2845
6845
1553
5393
945
6033
8683
4732
1391
3003
2420
4723
6309
44
6147
2877
5513
1161
4029
1587
1303
1710
9062
4619
4573
9738
5402
5079
3488
9566
3215
1825
7189
5213
7798
9665
8785
7327
1033
9608
1608
8529
4553
8338
5305
8010
1087
3002
5515
1371
2341
6173
457
8907
3328
1987
5102
6630
4819
2293
7404
6873
4270
2074
9251
8
7200
7100
8875
7512
5065
1387
2044
5353
3291
2104
887
6070
7834
6411
4744
4791
6765
1364
4790
283
3514
7061
894
8030
8975
2290
8054
2051
9603
3181
9138
5081
8017
3668
9855
8212
6261
4363
2704
1666
1222
8160
6604
7671
8797
3311
6199
1563
3646
4281
8174
8523
7119
132
6405
4499
7938
6750
9175
2312
7048
750
1915
6565
4138
2660
9400
6952
867
5838
4644
4660
5472
5486
5842
9348
4951
4207
5179
514
7493
1159
3901
4977
8074
8533
5948
6203
7652
3816
9615
845
4174
3074
3465
2990
3962
9399
8796
7978
7581
5465
7387
174
6019
8594
1474
4140
7611
798
2898
7091
8815
9507
4869
6484
6055
3072
5991
4218
1755
2139
3083
258
8629
9711
4106
6463
9057
8333
2825
7128
7788
4120
9528
8877
8061
6495
8422
572
3351
8699
7097
7639
3551
3822
1849
3558
587
1091
6652
2476
9094
8935
494
3607
2329
5699
4778
9442
3987
7310
4876
3966
9472
8736
9627
6439
3306
388
7276